1364.36
1215915.3
1364.33
1360.106
2025039.3
1122154.8
1122154.4
1360.317
1365.4
1360.386
1358.383
297352.8
1091040.5
1231377.3
1223498.3
1359.33
1359.38
1359.39
1359.69
1360.185
1360.89
272622.10
420889.13
420889.6
420890.5
44688.18
1449093.3
1358.382
1360.103
1358.50
1359.20
1358.381
1360.96
1360.193
1360.101
1358.66
1360.109
1359.37
1415168.3
1360.385
1358.185
1358.374
1360.114
1360.186
1046624.4
1359.42
1360.150
1360.97
1042402.4
1360.104
1295826.3
1149132.3
1360.116
1363.79
1946735.3
1363.58
1360.94
1358.140
44688.14
1234601.3
1363.18
1363.19
1363.32
1366.4
1364.29
1364.34
203404.4
1348656.3
1122154.9
1358.141
1283280.3
1360.117
1360.91
1348632.3
1408260.3
1390360.3
1295827.3
1358.375
1358.377
1360.187
1359.67
1091039.4
1229517.3
998087.5
913847.4
1363.37
1363.34
1359.41
1358.378
1360.128
1359.43
1348655.3
1360.115
1111678.3
420889.12
1360.108
1358.380
1360.188
1236944.5
1359.70
1359.218
1358.187
1360.105
1360.110
1360.118
416870.9
1359.35
1359.36
1359.22
1360.112
1360.107
1360.111
929102.3
1379274.5
542833.3
1360.99
684738.3
1360.189
1359.66
1360.457
1358.58
1358.124
1358.178
1358.179
1358.180
1940789.3
1946732.3
1946733.3
1946734.3
1363.47
1017266.3
44688.15
1104322.3
1366.7
1360.192
1360.184
1181234.4
1358.188
1358.186
1348633.3
1358.376
1359.40
1776443.3
1940789.4
1229518.3
1359.32
1360.387
1358.184
1360.100
1360.260
1359.68
1359.65
1358.88
1359.118
1359.117
1358.379
272623.7
1360.261
1360.318
1360.463
746361.3
1359.34
1358.410
1399116.3
1358.51
1360.98
1360.102
1360.113
1234873.3
1360.190
1360.191
1363.60
1358.143
1358.177
1358.182
1363.59
1363.85
44273.8
1359.217
2169526.3
2603290.3
1890280.3
2419773.3
2592653.3
2603289.3
2507158.3
1291764.5
1494462.5
